model_name: "Pinhole"
intrinsic_param: [517.306408, 516.469215, 318.643040,255.313989]
distorted_param: [0.0, 0.0, 0.0, 0.0, 0.0]
resolution_w: 1920
resolution_h: 1080